40 105 100 96 150 6
15 21 41
15 34 90
6 15 67
15 26 89
21 26 40
6 21 98
10 34 57
1 10 65
10 26 21
10 12 70
10 25 84
10 18 97
6 34 82
26 34 49
1 34 74
9 17 58
9 19 82
0 9 67
5 9 62
9 30 87
3 9 71
9 11 46
9 38 63
9 33 24
17 29 63
0 17 34
17 33 81
2 11 28
2 38 56
2 6 96
2 19 56
2 14 25
2 23 63
11 38 89
11 19 52
5 28 68
5 30 60
5 33 45
28 30 20
18 28 52
1 28 68
12 28 77
1 30 93
14 30 50
30 38 56
4 39 21
4 8 72
0 4 51
3 4 53
4 7 81
4 16 65
4 37 31
13 39 45
37 39 28
27 39 29
16 39 31
20 39 94
12 18 71
18 25 76
1 12 73
0 7 63
0 29 54
0 3 98
7 29 25
7 8 88
3 24 79
3 19 96
3 23 76
3 16 89
16 24 43
23 24 62
24 27 73
22 24 38
19 23 79
16 27 43
13 37 39
13 36 86
13 20 90
13 31 44
31 37 87
8 37 50
6 22 89
1 6 87
6 14 69
6 23 41
6 32 43
31 33 37
29 31 79
8 31 60
29 33 41
1 14 92
22 23 79
22 32 39
22 27 68
20 35 91
20 27 56
20 36 63
27 35 89
35 36 36
32 35 56
32 36 74
27 32 57
14 38 57
8 29 28
25 26 57
8 30 10
2 1
5 8 29 33 5 30 
4 103 89 37 36 
1
5 2 3
13 27 0
0 1
3 13 39 27 
2 52 54 
0
13 33 0
4 1
3 13 31 33 
2 78 86 
0
10 35 16
2 0
5 10 34 6 32 35 
4 6 12 85 99 
1
6 0 1
16 31 6
1 0
4 16 39 13 31 
3 55 52 78 
0
3 29 14
5 0
4 3 9 33 29 
3 20 23 89 
0
22 38 4
3 1
4 22 23 2 38 
3 91 32 28 
1
2 1 2
16 19 4
2 1
4 16 24 23 19 
3 69 70 73 
1
23 0 1
16 23 3
2 2
3 16 24 23 
2 69 70 
0
3 25 5
0 1
6 3 23 6 34 26 25 
5 67 84 12 13 104 
2
26 0 1
6 0 1
11 12 11
0 0
6 11 2 14 30 28 12 
5 27 31 43 38 41 
1
28 0 1
11 30 1
0 0
4 11 2 14 30 
3 27 31 43 
0
9 27 20
0 3
5 9 0 4 39 27 
4 17 47 45 54 
1
39 0 1
3 39 19
5 5
3 3 4 39 
2 48 45 
0
3 25 4
0 1
6 3 23 6 34 26 25 
5 67 84 12 13 104 
2
26 0 1
6 0 1
22 30 23
3 2
5 22 32 6 14 30 
4 92 85 83 43 
1
6 0 1
3 6 13
3 3
3 3 23 6 
2 67 84 
0
0 13 15
2 0
4 0 4 39 13 
3 47 45 52 
0
18 27 7
0 0
7 18 28 30 14 6 32 27 
6 39 38 43 83 85 101 
2
32 0 1
14 0 1
29 39 8
2 3
4 29 8 37 39 
3 103 80 53 
0
22 37 7
4 1
4 22 27 39 37 
3 93 54 53 
0
26 37 1
0 0
7 26 34 6 32 27 39 37 
6 13 12 85 101 54 53 
2
39 0 1
6 0 1
30 32 26
3 0
4 30 14 6 32 
3 43 83 85 
1
6 0 1
9 22 2
0 2
4 9 3 24 22 
3 20 65 72 
1
24 0 1
0 31 11
1 2
4 0 9 33 31 
3 17 23 86 
0
19 33 22
0 2
3 19 9 33 
2 16 23 
0
19 24 5
0 3
3 19 23 24 
2 73 70 
0
25 29 8
0 0
6 25 18 28 5 33 29 
5 58 39 35 37 89 
2
33 0 1
28 0 1
23 27 0
0 0
3 23 24 27 
2 70 71 
0
4 19 2
4 0
3 4 3 19 
2 48 66 
0
2 37 16
0 0
7 2 11 9 33 29 8 37 
6 27 21 23 89 103 80 
1
29 0 1
2 3 0
3 1
3 2 23 3 
2 32 67 
0
3 30 18
4 4
3 3 9 30 
2 20 19 
1
9 0 1
11 17 20
3 0
3 11 9 17 
2 21 15 
0
2 32 30
0 2
4 2 14 6 32 
3 31 83 85 
0
15 29 6
0 0
8 15 6 14 2 11 9 33 29 
7 2 83 31 27 21 23 89 
2
33 0 1
14 0 1
9 26 13
0 0
6 9 30 28 1 10 26 
5 19 38 40 7 8 
2
10 0 1
28 0 1
34 38 10
2 1
4 34 6 14 38 
3 12 83 102 
1
6 2 3
6 29 12
2 1
7 6 14 2 11 9 33 29 
6 83 31 27 21 23 89 
1
11 0 1
0 10 12
0 0
6 0 9 30 28 1 10 
5 17 19 38 40 7 
2
28 0 1
9 0 1
6 35 28
4 0
3 6 32 35 
2 85 99 
0
7 10 2
0 0
7 7 29 33 5 28 1 10 
6 63 89 37 35 40 7 
2
1 2 3
5 0 1
18 38 16
0 0
4 18 28 30 38 
3 39 38 44 
0
0 13 9
1 2
4 0 4 39 13 
3 47 45 52 
0
19 39 18
0 2
4 19 3 4 39 
3 66 48 45 
1
4 0 1
18 37 1
0 1
7 18 28 5 33 29 8 37 
6 39 35 37 89 103 80 
2
8 0 1
5 0 1
12 34 1
1 3
3 12 10 34 
2 9 6 
0
15 38 1
1 0
4 15 6 14 38 
3 2 83 102 
1
14 0 1
21 39 17
0 2
5 21 6 32 27 39 
4 5 85 101 54 
1
32 0 1
11 17 5
1 0
3 11 9 17 
2 21 15 
0
28 39 7
2 2
6 28 5 33 31 13 39 
5 35 37 86 78 52 
1
31 0 1
6 18 14
3 2
5 6 14 30 28 18 
4 83 43 38 39 
1
28 0 1
14 37 4
0 0
6 14 6 32 27 39 37 
5 83 85 101 54 53 
1
32 0 1
5 24 3
2 0
4 5 9 3 24 
3 18 20 65 
1
3 2 3
32 37 11
2 0
4 32 27 39 37 
3 101 54 53 
0
11 25 5
0 0
7 11 2 14 30 28 18 25 
6 27 31 43 38 39 58 
1
28 2 3
3 33 19
3 4
3 3 9 33 
2 20 23 
0
21 28 3
0 4
5 21 26 10 1 28 
4 4 8 7 40 
1
1 0 1
14 37 5
1 1
6 14 6 32 27 39 37 
5 83 85 101 54 53 
1
32 0 1
18 31 17
1 0
5 18 28 5 33 31 
4 39 35 37 86 
1
5 1 2
14 36 25
0 1
4 14 6 32 36 
3 83 85 100 
1
32 0 1
10 30 19
2 4
4 10 1 28 30 
3 7 40 38 
1
28 0 1
14 39 9
2 0
5 14 6 32 27 39 
4 83 85 101 54 
1
32 0 1
0 15 13
0 0
7 0 4 39 27 32 6 15 
6 47 45 54 101 85 2 
2
6 0 1
27 0 1
3 20 16
2 0
5 3 4 39 27 20 
4 48 45 54 95 
1
27 0 1
2 31 2
0 2
5 2 11 9 33 31 
4 27 21 23 86 
0
2 10 7
1 3
4 2 14 1 10 
3 31 90 7 
1
1 2 3
6 8 18
2 2
6 6 32 27 39 37 8 
5 85 101 54 53 80 
1
39 0 1
0 21 10
0 0
7 0 4 39 27 32 6 21 
6 47 45 54 101 85 5 
2
6 0 1
27 0 1
1 3 10
4 4
4 1 6 23 3 
3 82 84 67 
1
23 0 1
8 33 17
0 3
3 8 29 33 
2 103 89 
0
9 16 4
4 1
3 9 3 16 
2 20 68 
1
3 1 2
7 36 5
0 0
6 7 29 8 37 13 36 
5 63 103 80 75 76 
1
13 0 1
5 29 9
2 1
3 5 33 29 
2 37 89 
0
1 18 20
5 1
3 1 28 18 
2 40 39 
0
12 27 20
1 0
5 12 1 6 32 27 
4 59 82 85 101 
2
32 0 1
1 0 1
24 30 16
0 3
5 24 23 2 14 30 
4 70 32 31 43 
1
14 0 1
4 18 3
0 0
6 4 0 9 30 28 18 
5 47 17 19 38 39 
2
28 2 3
9 0 1
7 11 18
0 1
5 7 29 33 9 11 
4 63 89 23 21 
0
6 35 27
4 1
3 6 32 35 
2 85 99 
0
22 33 10
0 0
5 22 24 3 9 33 
4 72 65 20 23 
1
3 0 1
21 30 17
1 2
6 21 26 10 1 28 30 
5 4 8 7 40 38 
1
1 2 3
14 33 17
0 2
5 14 2 11 9 33 
4 31 27 21 23 
0
22 29 6
2 1
6 22 27 39 37 8 29 
5 93 54 53 80 103 
1
37 0 1
2 3 12
1 4
3 2 23 3 
2 32 67 
0
4 30 16
1 0
4 4 0 9 30 
3 47 17 19 
1
9 0 1
25 30 18
0 2
4 25 18 28 30 
3 58 39 38 
0
11 32 24
2 0
5 11 2 14 6 32 
4 27 31 83 85 
1
6 0 1
11 12 10
0 0
6 11 2 14 30 28 12 
5 27 31 43 38 41 
1
28 0 1
2 33 21
0 0
4 2 11 9 33 
3 27 21 23 
0
6 29 13
2 0
7 6 14 2 11 9 33 29 
6 83 31 27 21 23 89 
1
11 0 1
26 36 21
2 0
5 26 34 6 32 36 
4 13 12 85 100 
1
6 0 1
27 36 1
2 0
3 27 20 36 
2 95 96 
0
9 14 0
0 0
4 9 11 2 14 
3 21 27 31 
0
0 6 22
0 2
6 0 4 39 27 32 6 
5 47 45 54 101 85 
1
27 0 1
1 4 12
2 1
6 1 6 32 27 39 4 
5 82 85 101 54 45 
1
32 0 1
16 18 2
0 1
8 16 24 23 2 14 30 28 18 
7 69 70 32 31 43 38 39 
2
30 0 1
23 0 1
5 26 16
0 0
5 5 28 1 10 26 
4 35 40 7 8 
1
1 0 1
13 17 17
3 0
5 13 39 4 0 17 
4 52 45 47 25 
1
0 0 1
33 39 8
2 4
4 33 31 13 39 
3 86 78 52 
0
